DangerType: Blizzard
CeilingDrips: 0
RainIntensity: 0
RumbleIntensity: 0
WaveSpeed: 0.5
WaveLength: 1
WaveAmplitude: 4.317979E-06
SecondWaveLength: 1
SecondWaveAmplitude: 0.0001
Clouds: 0.1195652
Palette: 0
Effects: LightBurn-0.3369565-20-20, 
AmbientSounds: OMNI><AM_SUB-BlankState.ogg><866.1936><637.5581><0.326087><1, SPOT><AM_IND-Utility03.ogg><869.2458><522.95><0.326087><1><483.2458><399.95><-77.35535><-100.3553><0><0.2304349, 
FadePalette: 3, 0.2282609
WetTerrain: OFF
