Template: tr_settingstemplate_husk
CeilingDrips: 0
RainIntensity: 1
RumbleIntensity: 0.1413043
WaveSpeed: 0.520433
WaveLength: 0.7397835
WaveAmplitude: 0.04999999
SecondWaveLength: 1
SecondWaveAmplitude: 0.0001
Effects: Fog-0.4782609-60-86, 
PlacedObjects: SnowSource><338.5715><317.5902><Radial~1~120~50~86.60254~0.5978261~0.8260869, SnowSource><206.6849><445.3109><Radial~189~-40~50~86.60254~0.4891304~1, 
FadePalette: 8, 0.3695652
WetTerrain: OFF
