Template: TR_SettingsTemplate_Pipes
Clouds: 1
Grime: 0
FadePalette: 4, 0.1521739, 0.1521739, 0.1521739
