BkgDroneVolume: 0
AmbientSounds: OMNI><SO_WAT-DripTap.ogg><865.1463><644.1364><0.2173913><1, 
FadePalette: 9, 0.1086956
