GATE_SB_TR: -554.45,140.75,-322.4166,109.3,1,0
TR_ROOT01: -227.45,41.74995,-211.4167,12.3,1,0
TR_ROOT02: 429.8834,83.08331,114.5833,98.3,1,2
TR_ROOT03: 871.6333,-31.16667,625.3333,-103.7,1,2
TR_ROOT04: 45.83333,-124.1667,113.3333,-157.5,0,0
OffScreenDen_TR: -565.45,-110.2499,-319.4166,41.29997,1,1
Connection: GATE_SB_TR,TR_ROOT01,45,9,9,62,0,2
Connection: TR_ROOT01,TR_ROOT02,142,48,11,14,0,2
Connection: TR_ROOT01,TR_ROOT04,118,17,4,70,0,2
Connection: TR_ROOT02,TR_ROOT03,221,3,4,78,0,2
