GATE_SB_TR: -325.0833,101.9167,-137.75,44.00002,1,0
TR_ROOT01: 1.916611,2.916618,-26.75,-53,1,0
TR_ROOT02: 659.25,44.24998,299.25,33,1,2
OffScreenDen_TR: -336.0833,-149.0833,-134.75,-24.00002,1,1
Connection: GATE_SB_TR,TR_ROOT01,45,9,9,62,0,2
Connection: TR_ROOT01,TR_ROOT02,142,48,11,14,0,2
