GATE_SB_TR: -545.2833,115.9167,-299.75,77.80002,1,0
TR_ROOT01: -218.2834,16.91662,-188.75,-19.2,1,0
TR_ROOT02: 439.05,58.24998,137.25,66.8,1,2
TR_ROOT03: 880.8,-56,648,-135.2,1,2
OffScreenDen_TR: -556.2833,-135.0833,-296.75,9.799978,1,1
Connection: GATE_SB_TR,TR_ROOT01,45,9,9,62,0,2
Connection: TR_ROOT01,TR_ROOT02,142,48,11,14,0,2
Connection: TR_ROOT02,TR_ROOT03,221,3,4,78,0,2
