GATE_SB_TR: -105.3333,116.6667,-43.33333,70.33334,1,0
TR_ROOT01: 221.6666,17.66665,80.66666,-35.66667,1,2
OffScreenDen_TR: -116.3333,-134.3333,-37.33333,-34.66667,1,1
Connection: GATE_SB_TR,TR_ROOT01,45,9,9,62,0,2
